(KUND);
(BENAEMNING);
(TYP);
(OP);
(TRAD 0.25);
(      =    ON OFF  IP  HRP MAO  SV V  SF  C PIK CTRL  WK  WT  WS  WP);
C000   =   012 014 2215 000 240 040 8 0060 0 000 0000 025 160 130 045;
C001   =   014 014 2215 000 270 033 6 0025 0 000 0000 025 160 130 055;
C002   =   001 023 2215 000 750 053 8 6035 0 000 0000 025 160 130 012;
C900   =   000 001 1015 000 000 050 8 7050 0 008 0000 025 160 130 012;
C901   =   000 001 1015 000 000 025 4 7050 0 009 0000 025 160 130 012;
C902   =   000 001 1015 000 000 025 2 7050 0 009 0000 025 160 100 012;
C903   =   000 001 1015 000 000 025 2 7050 0 009 0000 025 160 100 012;
H000   = +000000.0100  ;
H001   = +000000.2130  ;
H002   = +000000.1480  ;
H003   = +000000.1350  ;
H004   = +000000.1340  ;
H005   = +000000.1330  ;
H006   = +000000.1320  ;
QAIC(2,1,0.1250,000.5,0.1650,0.0100,005.0,0034,0053,15,040);
